0.00803 0.00975 0.00458 0.67356 0.01106 0.19332 0.03997 0.02103 0.03494 0.00377
0.00855 0.34732 0.00001 0.00001 0.00000 0.00000 0.00000 0.00000 0.64337 0.00074
0.06317 0.34726 0.00043 0.00018 0.00003 0.00002 0.00014 0.00017 0.55725 0.03135
0.92115 0.00872 0.00236 0.00007 0.00004 0.00000 0.00000 0.00001 0.06314 0.00449
0.00000 0.00001 0.00177 0.00111 0.00269 0.00001 0.99438 0.00000 0.00004 0.00000
0.00000 0.00002 0.00010 0.00209 0.00060 0.00235 0.99474 0.00002 0.00001 0.00007
0.01108 0.47445 0.00034 0.01777 0.00001 0.00401 0.00155 0.00189 0.00042 0.48848
0.00061 0.00001 0.01938 0.00182 0.00082 0.00034 0.97656 0.00031 0.00001 0.00015
0.00075 0.00002 0.00537 0.92044 0.02636 0.02732 0.00872 0.01094 0.00005 0.00003
0.00059 0.48989 0.00015 0.00007 0.00001 0.00012 0.00125 0.00001 0.00084 0.50708
0.67053 0.00011 0.02615 0.07390 0.04255 0.14105 0.00169 0.02445 0.01656 0.00302
0.00000 0.00004 0.00000 0.00000 0.00000 0.00000 0.00000 0.00000 0.00000 0.99996
0.00008 0.00003 0.00325 0.20520 0.02337 0.75208 0.00375 0.01206 0.00004 0.00015
0.00001 0.00000 0.00011 0.00037 0.00206 0.00331 0.00001 0.99407 0.00000 0.00005
0.00002 0.00166 0.00000 0.00000 0.00000 0.00000 0.00000 0.00000 0.00043 0.99789
0.00805 0.00097 0.00167 0.00075 0.00119 0.00002 0.05119 0.00000 0.93599 0.00016
0.00000 0.00002 0.00072 0.00950 0.00005 0.98858 0.00008 0.00104 0.00000 0.00001
0.00151 0.00184 0.00766 0.00524 0.01033 0.01101 0.00213 0.94341 0.00031 0.01656
0.00011 0.00000 0.00000 0.00000 0.00000 0.00000 0.00000 0.00000 0.99933 0.00056
0.00000 0.00000 0.00000 0.00000 0.00000 0.00000 1.00000 0.00000 0.00000 0.00000
0.00096 0.00022 0.00030 0.00130 0.01048 0.00232 0.00024 0.98342 0.00003 0.00074
0.96537 0.00000 0.03433 0.00021 0.00002 0.00001 0.00003 0.00000 0.00003 0.00000
0.01457 0.00001 0.01693 0.00523 0.95898 0.00091 0.00079 0.00024 0.00235 0.00001
0.00000 0.00056 0.00000 0.00000 0.00000 0.00000 0.00000 0.00000 0.00000 0.99944
0.00003 0.00000 0.00912 0.02052 0.94858 0.01513 0.00124 0.00513 0.00018 0.00007
0.00380 0.00291 0.50408 0.10304 0.26172 0.03901 0.05415 0.00376 0.00048 0.02705
0.00078 0.00139 0.00739 0.00217 0.96861 0.00201 0.00340 0.01366 0.00002 0.00056
0.94857 0.00078 0.01946 0.00379 0.00681 0.00085 0.01803 0.00070 0.00027 0.00074
0.00004 0.01863 0.00000 0.00002 0.00000 0.00000 0.00000 0.00004 0.00002 0.98124
0.00000 0.00000 0.00012 0.00004 0.00030 0.00001 0.99952 0.00001 0.00000 0.00000
0.00006 0.00070 0.00159 0.00107 0.00011 0.00009 0.99613 0.00011 0.00003 0.00012
0.00000 0.00000 0.00491 0.00480 0.00180 0.98807 0.00018 0.00024 0.00000 0.00000
0.00049 0.00013 0.15760 0.00594 0.67666 0.00182 0.07619 0.03358 0.04736 0.00023
0.00034 0.00166 0.03878 0.76258 0.01960 0.13862 0.02583 0.00857 0.00118 0.00284
0.00023 0.00009 0.00000 0.00000 0.00000 0.00000 0.00000 0.00001 0.00001 0.99965
0.00015 0.06759 0.00946 0.39435 0.00232 0.08539 0.13950 0.00515 0.11185 0.18425
0.00010 0.00000 0.00050 0.00586 0.82226 0.02734 0.00164 0.14224 0.00001 0.00003
0.00045 0.38184 0.00000 0.00000 0.00000 0.00000 0.00000 0.00000 0.00020 0.61749
0.00000 0.00006 0.00000 0.00000 0.00000 0.00000 0.00000 0.00000 0.00000 0.99994
0.00000 0.00001 0.00008 0.00275 0.00007 0.99691 0.00005 0.00010 0.00002 0.00001
0.02250 0.00028 0.00246 0.00012 0.97433 0.00002 0.00002 0.00003 0.00016 0.00007
0.00001 0.00003 0.00040 0.00006 0.00004 0.00001 0.99941 0.00000 0.00000 0.00003
0.00414 0.00108 0.00935 0.16861 0.00756 0.34351 0.00058 0.45893 0.00017 0.00607
0.00000 0.00004 0.00111 0.00181 0.00009 0.00060 0.99583 0.00000 0.00052 0.00001
0.51046 0.01163 0.00577 0.00007 0.00756 0.00004 0.00032 0.00018 0.45358 0.01038
0.00001 0.00002 0.00000 0.00000 0.00000 0.00000 0.00000 0.00000 0.00001 0.99996
0.00014 0.00001 0.04184 0.60442 0.21804 0.03580 0.09840 0.00133 0.00001 0.00000
0.04127 0.28059 0.01073 0.03995 0.02470 0.02195 0.01662 0.08551 0.10483 0.37385
0.00000 0.00000 0.00009 0.00005 0.24278 0.00801 0.00000 0.74908 0.00000 0.00000
0.00099 0.00020 0.06510 0.00175 0.02352 0.00029 0.90676 0.00007 0.00091 0.00042
0.00715 0.00313 0.00259 0.00020 0.00015 0.00009 0.00317 0.00308 0.00027 0.98017
0.01818 0.00608 0.00130 0.00032 0.00054 0.00013 0.00414 0.00036 0.95548 0.01348
0.00841 0.00056 0.03643 0.01666 0.00115 0.00818 0.01493 0.84902 0.00015 0.06450
0.00001 0.00006 0.03019 0.39897 0.01280 0.04100 0.51043 0.00607 0.00001 0.00047
0.02303 0.00001 0.00001 0.00000 0.00000 0.00000 0.00000 0.00000 0.97686 0.00009
0.01215 0.00002 0.00015 0.00002 0.00001 0.00000 0.00000 0.00000 0.98714 0.00051
0.00108 0.00081 0.00992 0.14792 0.07726 0.18634 0.00546 0.56650 0.00017 0.00455
0.00270 0.00012 0.01227 0.48602 0.00311 0.20418 0.00480 0.28419 0.00254 0.00008
0.00520 0.00005 0.43638 0.14893 0.27188 0.10428 0.02253 0.00954 0.00082 0.00040
0.00078 0.00037 0.03089 0.11355 0.63464 0.02115 0.17924 0.01917 0.00008 0.00012
0.00000 0.00000 0.00000 0.00000 0.03536 0.00013 0.00000 0.96451 0.00000 0.00000
0.00076 0.00009 0.05014 0.14908 0.00673 0.71718 0.01983 0.05554 0.00006 0.00060
0.00351 0.00085 0.00160 0.00411 0.00077 0.00014 0.98757 0.00094 0.00039 0.00012
0.30841 0.04866 0.07709 0.46039 0.00398 0.01347 0.00287 0.00354 0.00305 0.07854
0.00000 0.00001 0.00038 0.00012 0.00003 0.00001 0.99944 0.00001 0.00000 0.00000
0.00007 0.00003 0.61291 0.00341 0.00684 0.00199 0.36005 0.01463 0.00002 0.00004
0.01103 0.93112 0.00010 0.00009 0.00002 0.00002 0.00034 0.00004 0.01846 0.03879
0.34237 0.00004 0.65409 0.00020 0.00017 0.00002 0.00102 0.00003 0.00130 0.00077
0.00010 0.00136 0.00201 0.57384 0.02252 0.38024 0.00579 0.00646 0.00081 0.00689
0.01796 0.00149 0.00501 0.00136 0.04315 0.00074 0.00125 0.85952 0.00053 0.06899
0.17727 0.00040 0.76365 0.01974 0.01167 0.00553 0.01116 0.00189 0.00752 0.00119
0.00013 0.00066 0.00184 0.09650 0.00209 0.09062 0.80303 0.00037 0.00036 0.00441
0.00097 0.00004 0.00001 0.00002 0.00001 0.00000 0.00000 0.00000 0.99891 0.00005
0.01540 0.00118 0.00044 0.00002 0.00004 0.00000 0.00001 0.00002 0.98000 0.00290
0.82468 0.01686 0.00282 0.00025 0.00132 0.00006 0.00058 0.00554 0.03450 0.11339
0.00028 0.00000 0.99472 0.00007 0.00019 0.00172 0.00016 0.00283 0.00001 0.00003
0.35469 0.00199 0.02317 0.00022 0.00057 0.00005 0.00054 0.00400 0.00468 0.61010
0.00024 0.00021 0.00090 0.95020 0.00069 0.03864 0.00513 0.00038 0.00351 0.00009
0.00102 0.00046 0.01116 0.68935 0.00398 0.26638 0.00177 0.02551 0.00023 0.00014
0.01232 0.00012 0.00010 0.00002 0.00192 0.00001 0.00000 0.00044 0.98475 0.00031
0.00085 0.00003 0.00000 0.00000 0.00000 0.00000 0.00000 0.00000 0.99910 0.00002
0.00257 0.98177 0.00002 0.00001 0.00000 0.00001 0.00000 0.00000 0.00220 0.01342
0.00001 0.99981 0.00000 0.00000 0.00000 0.00000 0.00001 0.00000 0.00008 0.00008
0.00609 0.00000 0.00242 0.00380 0.00074 0.01435 0.00004 0.97243 0.00007 0.00006
0.01401 0.00011 0.74017 0.06892 0.00552 0.14634 0.00451 0.01960 0.00044 0.00039
0.01167 0.00085 0.00994 0.05242 0.17369 0.07727 0.00539 0.57957 0.00380 0.08540
0.03016 0.00836 0.08298 0.07336 0.17590 0.51952 0.00137 0.10421 0.00114 0.00301
0.12113 0.00082 0.01301 0.05941 0.02939 0.05111 0.00357 0.58552 0.05741 0.07863
0.00208 0.00023 0.00001 0.00036 0.00086 0.00035 0.00001 0.00727 0.98438 0.00445
0.00004 0.00095 0.00000 0.00000 0.00000 0.00000 0.00000 0.00000 0.00010 0.99891
0.98079 0.00008 0.00003 0.00000 0.00010 0.00000 0.00000 0.00005 0.01884 0.00010
0.00016 0.00175 0.11425 0.22651 0.02449 0.05561 0.56982 0.00476 0.00252 0.00015
0.00408 0.00039 0.00009 0.00013 0.00001 0.00006 0.00001 0.00011 0.97230 0.02283
0.00007 0.00013 0.00102 0.00303 0.00204 0.00010 0.99343 0.00004 0.00002 0.00012
0.00029 0.00004 0.00860 0.00727 0.92459 0.01630 0.00057 0.04196 0.00034 0.00003
0.00001 0.00001 0.00146 0.03761 0.00575 0.00072 0.95397 0.00034 0.00008 0.00006
0.00000 0.00004 0.00788 0.00246 0.00695 0.00001 0.98263 0.00002 0.00000 0.00000
0.77402 0.00021 0.20450 0.00348 0.00535 0.00135 0.00228 0.00007 0.00855 0.00021
0.99389 0.00000 0.00597 0.00008 0.00001 0.00000 0.00003 0.00000 0.00000 0.00000
0.00431 0.00013 0.00790 0.00619 0.00997 0.02986 0.00067 0.93961 0.00009 0.00126
0.00002 0.00000 0.00408 0.00148 0.86210 0.00900 0.00012 0.12315 0.00002 0.00001
0.00007 0.00016 0.07792 0.06646 0.03499 0.50752 0.20542 0.10565 0.00074 0.00108
0.00001 0.00011 0.00156 0.00103 0.00012 0.00075 0.99603 0.00034 0.00003 0.00001
0.00011 0.00005 0.00022 0.92483 0.00278 0.00319 0.06673 0.00072 0.00009 0.00129
0.00001 0.99819 0.00000 0.00000 0.00000 0.00000 0.00000 0.00000 0.00020 0.00159
0.00000 0.99998 0.00000 0.00000 0.00000 0.00000 0.00000 0.00000 0.00001 0.00001
0.07918 0.00113 0.52083 0.09007 0.03364 0.05079 0.16574 0.01739 0.04079 0.00043
0.00000 0.00000 0.00002 0.00005 0.00000 0.00000 0.99992 0.00000 0.00000 0.00000
0.00054 0.00103 0.00008 0.00059 0.00000 0.00009 0.00003 0.00002 0.99758 0.00004
0.00135 0.00001 0.01490 0.01762 0.00018 0.10068 0.00041 0.86483 0.00002 0.00002
0.00019 0.00003 0.00735 0.04773 0.70782 0.06275 0.12786 0.04564 0.00007 0.00058
0.97584 0.00030 0.02199 0.00052 0.00019 0.00006 0.00001 0.00024 0.00071 0.00015
0.00936 0.00575 0.47681 0.00089 0.00059 0.00033 0.50290 0.00003 0.00127 0.00207
0.00000 0.00000 0.98851 0.00083 0.00024 0.00059 0.00981 0.00001 0.00001 0.00000
0.00582 0.97022 0.00003 0.00001 0.00000 0.00000 0.00001 0.00002 0.00027 0.02361
0.00854 0.00006 0.00065 0.88262 0.00242 0.03437 0.00397 0.05873 0.00004 0.00858
0.96742 0.00001 0.01777 0.00124 0.01188 0.00046 0.00001 0.00006 0.00111 0.00003
0.02142 0.00167 0.03924 0.13167 0.69122 0.03607 0.01489 0.05504 0.00254 0.00625
0.00959 0.00421 0.13447 0.11300 0.00598 0.05112 0.64113 0.01370 0.00802 0.01878
0.00403 0.04044 0.09314 0.10007 0.02124 0.20141 0.02561 0.50067 0.00195 0.01142
0.03468 0.00623 0.00008 0.00011 0.00006 0.00001 0.00009 0.00000 0.95375 0.00498
0.02457 0.02720 0.01241 0.84847 0.00120 0.07174 0.00163 0.00923 0.00018 0.00336
0.00019 0.98488 0.00381 0.00005 0.00043 0.00002 0.00044 0.00006 0.00076 0.00937
0.00005 0.00000 0.99323 0.00348 0.00201 0.00088 0.00019 0.00016 0.00000 0.00000
0.00090 0.00121 0.00003 0.00006 0.00002 0.00000 0.00002 0.00000 0.99719 0.00057
0.16666 0.00456 0.72940 0.01173 0.00060 0.00091 0.00415 0.00027 0.04164 0.04007
0.26034 0.00076 0.01597 0.00226 0.00131 0.00043 0.00016 0.00016 0.70536 0.01323
0.00007 0.00011 0.00953 0.81448 0.01001 0.04126 0.11578 0.00806 0.00060 0.00010
0.00905 0.00015 0.01472 0.67839 0.01144 0.22605 0.04807 0.01128 0.00039 0.00046
0.53098 0.00279 0.20791 0.22067 0.00047 0.00678 0.00436 0.00589 0.01843 0.00172
0.00000 0.00000 0.00215 0.00001 0.99758 0.00003 0.00004 0.00020 0.00000 0.00000
0.00000 0.99996 0.00000 0.00000 0.00000 0.00000 0.00000 0.00000 0.00000 0.00003
0.00029 0.00035 0.00001 0.00000 0.00008 0.00000 0.00000 0.00000 0.99271 0.00656
0.00001 0.00170 0.00000 0.00000 0.00000 0.00000 0.00000 0.00000 0.00000 0.99829
0.00004 0.99693 0.00003 0.00009 0.00000 0.00006 0.00029 0.00004 0.00019 0.00232
0.02255 0.00060 0.64439 0.18234 0.04302 0.04735 0.00911 0.04369 0.00479 0.00217
0.00010 0.01204 0.00015 0.00005 0.00016 0.00001 0.00009 0.00081 0.00009 0.98650
0.00016 0.00000 0.00000 0.00009 0.00097 0.00039 0.00000 0.99753 0.00003 0.00083
0.00006 0.00004 0.45858 0.02366 0.01452 0.01409 0.48754 0.00133 0.00010 0.00008
0.26671 0.13282 0.00121 0.00011 0.00032 0.00001 0.00013 0.00004 0.46689 0.13176
0.00024 0.00001 0.00126 0.05570 0.01525 0.00025 0.92716 0.00002 0.00011 0.00001
0.00002 0.00017 0.00028 0.01374 0.00001 0.97952 0.00001 0.00619 0.00001 0.00006
0.00000 0.00001 0.00078 0.00456 0.00002 0.00001 0.99424 0.00000 0.00038 0.00000
0.00221 0.00215 0.00515 0.23671 0.01551 0.50404 0.02133 0.06040 0.00182 0.15068
0.00786 0.01572 0.00121 0.01136 0.00138 0.00541 0.00168 0.02554 0.92371 0.00614
0.03599 0.00396 0.01513 0.02760 0.00943 0.03086 0.00610 0.41161 0.03944 0.41988
0.00000 0.00000 0.00157 0.00163 0.00038 0.00045 0.99585 0.00007 0.00000 0.00004
0.00048 0.00474 0.13945 0.08542 0.06509 0.29720 0.31995 0.06280 0.00018 0.02469
0.00212 0.00186 0.02374 0.05721 0.01399 0.86885 0.00216 0.02721 0.00048 0.00238
0.04993 0.00017 0.35185 0.09050 0.00238 0.21090 0.00006 0.29366 0.00050 0.00005
0.44281 0.04616 0.01126 0.00171 0.00192 0.00013 0.01421 0.00024 0.46045 0.02112
0.00102 0.00587 0.00002 0.00005 0.00000 0.00005 0.00005 0.00003 0.00007 0.99285
0.00323 0.01161 0.01518 0.02105 0.01582 0.03473 0.88253 0.00148 0.00741 0.00696
0.91498 0.00473 0.01364 0.04079 0.00091 0.00650 0.00025 0.00897 0.00071 0.00850
0.85710 0.00009 0.13635 0.00202 0.00045 0.00043 0.00104 0.00005 0.00244 0.00004
0.00001 0.00003 0.00596 0.02952 0.00123 0.94059 0.02149 0.00050 0.00058 0.00010
0.00206 0.00001 0.84541 0.01087 0.00215 0.00767 0.13098 0.00067 0.00011 0.00007
0.00005 0.00038 0.00002 0.00005 0.00002 0.00002 0.00000 0.00001 0.00015 0.99930
0.00362 0.00002 0.00951 0.36251 0.03046 0.51198 0.06445 0.01735 0.00001 0.00008
0.00017 0.00000 0.00149 0.00001 0.99648 0.00004 0.00000 0.00180 0.00000 0.00000
0.27625 0.00001 0.72193 0.00083 0.00014 0.00026 0.00034 0.00014 0.00009 0.00001
0.00013 0.99982 0.00000 0.00000 0.00000 0.00000 0.00000 0.00000 0.00000 0.00005
0.00496 0.19798 0.35459 0.10722 0.02212 0.00892 0.23994 0.00448 0.02060 0.03919
0.00000 0.00005 0.07412 0.00200 0.01350 0.00046 0.90969 0.00016 0.00000 0.00002
0.41208 0.12538 0.03041 0.01746 0.01373 0.00091 0.03316 0.00062 0.29742 0.06884
0.00175 0.00017 0.05650 0.00383 0.38735 0.00406 0.00134 0.54300 0.00002 0.00197
0.00877 0.00053 0.00046 0.00045 0.00156 0.00005 0.00002 0.00030 0.90540 0.08248
0.00151 0.00025 0.00499 0.00577 0.13685 0.00304 0.84540 0.00101 0.00063 0.00055
0.00395 0.00194 0.04123 0.02276 0.00290 0.88396 0.00073 0.01591 0.00030 0.02631
0.39222 0.00691 0.13762 0.01037 0.40863 0.00178 0.00716 0.01229 0.01774 0.00528
0.00029 0.00035 0.00001 0.00035 0.00002 0.00025 0.00002 0.00015 0.00006 0.99850
0.46996 0.00667 0.00003 0.00068 0.00009 0.00002 0.00403 0.00375 0.00066 0.51410
0.01582 0.00185 0.00189 0.00032 0.00047 0.00003 0.00072 0.00006 0.00509 0.97376
0.00017 0.00001 0.00020 0.00033 0.00002 0.00008 0.00006 0.00001 0.99900 0.00010
0.00036 0.06144 0.00000 0.00000 0.00000 0.00000 0.00003 0.00001 0.00003 0.93813
0.00001 0.00008 0.00000 0.00000 0.00000 0.00000 0.00000 0.00000 0.00000 0.99990
0.00003 0.00000 0.00033 0.92486 0.03686 0.02813 0.00925 0.00016 0.00036 0.00002
0.00138 0.00001 0.00014 0.00052 0.00369 0.00091 0.00009 0.99297 0.00000 0.00030
0.00046 0.00025 0.03011 0.46223 0.00975 0.47194 0.02310 0.00183 0.00014 0.00018
0.85432 0.00033 0.00028 0.00006 0.00013 0.00001 0.00002 0.00079 0.02452 0.11954
0.80189 0.04047 0.02527 0.04087 0.00853 0.00119 0.00065 0.00112 0.06113 0.01889
0.00000 0.00000 0.00023 0.00346 0.00047 0.99442 0.00013 0.00125 0.00001 0.00002
0.05906 0.00001 0.91168 0.00005 0.00002 0.00000 0.02872 0.00000 0.00047 0.00000
0.00279 0.00001 0.29061 0.21311 0.07728 0.00057 0.41286 0.00089 0.00172 0.00015
0.65022 0.00681 0.04678 0.11262 0.00365 0.03633 0.13285 0.00381 0.00032 0.00663
0.00001 0.00000 0.00000 0.00000 0.00000 0.00000 0.00000 0.00000 0.99999 0.00000
0.00192 0.00040 0.01853 0.00799 0.00257 0.00191 0.96271 0.00237 0.00050 0.00108
0.00107 0.00000 0.03717 0.94206 0.00703 0.00950 0.00228 0.00074 0.00015 0.00000
0.00006 0.00000 0.00576 0.88143 0.00685 0.09159 0.00634 0.00795 0.00000 0.00001
0.64837 0.09100 0.00699 0.00864 0.00726 0.00209 0.00032 0.00115 0.16328 0.07090
0.01020 0.00829 0.18456 0.05444 0.08592 0.26833 0.35013 0.03433 0.00091 0.00289
0.00001 0.00011 0.00000 0.00019 0.00000 0.00001 0.00005 0.00001 0.99950 0.00012
0.80436 0.00018 0.01884 0.01120 0.00457 0.00315 0.00019 0.14678 0.00057 0.01015
0.00114 0.85226 0.00004 0.00059 0.00008 0.00024 0.00112 0.00378 0.00037 0.14039
0.00040 0.00010 0.01131 0.00652 0.01848 0.02100 0.01643 0.92095 0.00005 0.00475
0.00265 0.00011 0.12859 0.12851 0.25025 0.32776 0.00497 0.15672 0.00027 0.00016
0.00014 0.02411 0.00000 0.00022 0.00000 0.00000 0.00001 0.00000 0.97441 0.00110
0.00066 0.00002 0.00071 0.00062 0.00109 0.00014 0.00001 0.00012 0.99511 0.00151
0.00221 0.00001 0.00209 0.00562 0.00028 0.00703 0.00010 0.98255 0.00006 0.00003
0.00040 0.00048 0.00011 0.00168 0.00002 0.00010 0.00015 0.00012 0.99657 0.00037
0.00008 0.00012 0.00384 0.16710 0.00894 0.75523 0.06102 0.00148 0.00001 0.00216
0.01973 0.91807 0.00001 0.00001 0.00001 0.00000 0.00002 0.00005 0.00092 0.06118
0.00223 0.00009 0.00000 0.00000 0.00000 0.00000 0.00000 0.00000 0.99762 0.00005
0.00434 0.00469 0.00470 0.00147 0.00601 0.00488 0.00024 0.96863 0.00007 0.00499
0.00001 0.99964 0.00000 0.00000 0.00000 0.00000 0.00002 0.00000 0.00000 0.00032
0.00002 0.00000 0.00125 0.92421 0.00695 0.06324 0.00364 0.00066 0.00001 0.00001
0.56455 0.00001 0.00276 0.00066 0.00746 0.00068 0.00036 0.00012 0.42339 0.00000
0.00002 0.00001 0.00540 0.01893 0.00737 0.95741 0.00692 0.00383 0.00006 0.00004
0.00000 0.00000 0.00000 0.00000 0.00001 0.00005 0.00000 0.99993 0.00000 0.00000
0.00022 0.00005 0.00000 0.00000 0.00000 0.00000 0.00000 0.00000 0.00039 0.99933
0.00049 0.00018 0.06349 0.10476 0.01471 0.19841 0.40148 0.21517 0.00022 0.00109
0.06298 0.00949 0.01231 0.11003 0.21296 0.01795 0.00625 0.44672 0.00763 0.11366
0.03302 0.02280 0.02346 0.14161 0.00020 0.76657 0.00040 0.00923 0.00011 0.00260
0.00139 0.00362 0.00161 0.00017 0.00021 0.00238 0.00006 0.12556 0.00633 0.85868
0.02950 0.00858 0.00461 0.00009 0.00001 0.00003 0.00141 0.00036 0.95514 0.00026
0.93082 0.00116 0.02806 0.00388 0.00966 0.00076 0.00014 0.00624 0.01894 0.00033
0.00042 0.00000 0.00008 0.00079 0.00023 0.00323 0.00001 0.99523 0.00000 0.00000
0.00125 0.00238 0.00000 0.00001 0.00000 0.00000 0.00000 0.00001 0.00036 0.99599
0.42819 0.01418 0.01024 0.10200 0.00275 0.01356 0.01201 0.00103 0.39989 0.01616
0.00105 0.00031 0.94902 0.00009 0.03008 0.00061 0.00091 0.01787 0.00003 0.00002
0.00000 0.00000 0.00174 0.00009 0.18059 0.01518 0.00000 0.80240 0.00000 0.00000
0.00013 0.00005 0.03740 0.43974 0.09604 0.20666 0.20444 0.01539 0.00010 0.00004
0.00000 0.00000 0.00000 0.00000 0.00000 0.00000 0.00000 0.00000 0.00000 1.00000
0.00323 0.00013 0.00882 0.09189 0.18391 0.60874 0.00385 0.09755 0.00041 0.00148
0.00177 0.01463 0.03504 0.20985 0.61789 0.04357 0.03168 0.04019 0.00086 0.00452
0.00030 0.23597 0.00023 0.00013 0.00005 0.00012 0.00169 0.00006 0.00010 0.76135
0.01516 0.24163 0.04437 0.02664 0.21106 0.01823 0.30148 0.09284 0.01794 0.03065
0.00778 0.00008 0.13087 0.00225 0.85505 0.00025 0.00215 0.00003 0.00149 0.00005
0.00053 0.00014 0.00462 0.20775 0.03388 0.67185 0.00721 0.07157 0.00100 0.00145
0.00061 0.00393 0.00333 0.00157 0.00169 0.00079 0.98579 0.00058 0.00003 0.00167
0.00004 0.00014 0.00094 0.14744 0.00481 0.83772 0.00109 0.00736 0.00004 0.00044
0.00000 0.92572 0.00000 0.00000 0.00000 0.00000 0.00000 0.00000 0.00000 0.07428
0.00095 0.00168 0.00450 0.16177 0.00120 0.55125 0.00232 0.26608 0.00002 0.01023
0.00778 0.15817 0.00302 0.00048 0.00005 0.00002 0.00055 0.00014 0.82899 0.00080
0.25018 0.03946 0.00015 0.00010 0.00022 0.00001 0.00012 0.00009 0.67334 0.03633
0.99896 0.00000 0.00102 0.00000 0.00001 0.00000 0.00000 0.00000 0.00001 0.00000
0.00005 0.00001 0.01507 0.00185 0.97968 0.00177 0.00058 0.00088 0.00007 0.00003
0.54578 0.00538 0.00400 0.00178 0.00647 0.00056 0.00044 0.15248 0.01398 0.26913
0.00047 0.00001 0.00033 0.18470 0.00043 0.80575 0.00603 0.00220 0.00003 0.00005
0.00175 0.00004 0.00439 0.38998 0.00788 0.54314 0.02563 0.02701 0.00001 0.00017
0.00000 0.99998 0.00000 0.00000 0.00000 0.00000 0.00000 0.00000 0.00000 0.00001
0.00002 0.99477 0.00000 0.00000 0.00000 0.00000 0.00000 0.00000 0.00001 0.00520
0.01013 0.06799 0.00073 0.00028 0.00001 0.00010 0.00002 0.00011 0.91385 0.00677
0.00011 0.00075 0.00001 0.00012 0.00000 0.00002 0.00000 0.00001 0.00008 0.99891
0.97495 0.00002 0.00732 0.00008 0.01709 0.00004 0.00002 0.00003 0.00042 0.00002
0.00456 0.00015 0.49865 0.31274 0.00189 0.01167 0.15136 0.01315 0.00565 0.00019
0.00022 0.99959 0.00000 0.00000 0.00000 0.00000 0.00000 0.00000 0.00001 0.00017
0.01277 0.00881 0.00062 0.00155 0.00083 0.00034 0.00064 0.00135 0.94754 0.02555
0.00595 0.00018 0.90384 0.01841 0.05941 0.00429 0.00441 0.00284 0.00013 0.00054
0.22514 0.04016 0.23443 0.02070 0.04618 0.00673 0.40515 0.01041 0.00874 0.00236
0.00001 0.00005 0.00516 0.01937 0.00882 0.92590 0.00102 0.03933 0.00006 0.00028
0.00099 0.00102 0.00192 0.66286 0.00027 0.32414 0.00284 0.00229 0.00058 0.00308
0.00000 0.00007 0.00000 0.00000 0.00000 0.00000 0.00000 0.00000 0.00000 0.99993
0.00063 0.28761 0.00032 0.00043 0.00001 0.00180 0.00185 0.00005 0.00235 0.70494
0.00208 0.00013 0.16248 0.03005 0.67702 0.06752 0.02019 0.04011 0.00024 0.00018
0.88066 0.00382 0.00325 0.02970 0.00474 0.00740 0.00084 0.01801 0.04376 0.00784
0.00372 0.00202 0.08381 0.76203 0.00916 0.00737 0.11599 0.00592 0.00676 0.00322
0.96573 0.00404 0.00008 0.00000 0.00000 0.00000 0.00000 0.00015 0.02722 0.00278
0.39245 0.00491 0.00316 0.00057 0.00504 0.00014 0.00044 0.00072 0.58829 0.00429
0.00286 0.27990 0.00001 0.00332 0.00008 0.00061 0.00004 0.00071 0.00323 0.70925
0.00010 0.00796 0.00005 0.00526 0.00002 0.00015 0.01083 0.00008 0.97460 0.00095
0.00015 0.78713 0.00004 0.00001 0.00005 0.00000 0.00001 0.00001 0.00053 0.21207
0.00358 0.00331 0.01986 0.45431 0.00207 0.48752 0.02124 0.00293 0.00208 0.00312
0.00025 0.00094 0.00832 0.54777 0.00030 0.16781 0.26681 0.00299 0.00003 0.00478
0.36220 0.08416 0.00691 0.00159 0.00003 0.00021 0.00024 0.00002 0.51837 0.02624
0.05151 0.00303 0.03272 0.00243 0.00037 0.00023 0.00830 0.00003 0.89975 0.00163
0.03261 0.02691 0.63850 0.03813 0.00818 0.05812 0.02406 0.00684 0.14324 0.02341
0.00000 0.00002 0.00015 0.00004 0.99953 0.00002 0.00016 0.00006 0.00000 0.00001
0.00000 0.00000 0.00000 0.00001 0.00010 0.00039 0.00000 0.99950 0.00000 0.00000
0.73096 0.00063 0.14667 0.05150 0.00243 0.01521 0.00649 0.03308 0.00853 0.00451
0.00553 0.00010 0.83893 0.03455 0.06107 0.03173 0.00271 0.02437 0.00070 0.00031
0.00121 0.00078 0.03962 0.40875 0.06716 0.33369 0.02335 0.11944 0.00268 0.00332
0.00000 0.00006 0.00016 0.00085 0.00008 0.00019 0.99829 0.00036 0.00000 0.00001
0.00025 0.00010 0.00557 0.77459 0.00141 0.20733 0.00149 0.00571 0.00016 0.00340
0.00088 0.00006 0.00001 0.00001 0.00000 0.00000 0.00000 0.00000 0.99266 0.00638
0.01300 0.03358 0.02760 0.12325 0.01015 0.69745 0.06503 0.02641 0.00019 0.00333
0.97351 0.00111 0.00420 0.00002 0.01061 0.00002 0.00001 0.00472 0.00579 0.00002
0.10183 0.07629 0.16361 0.28694 0.02410 0.13619 0.01005 0.12095 0.00687 0.07315
0.00219 0.00057 0.02286 0.03410 0.65322 0.07173 0.00518 0.20723 0.00036 0.00255
0.00097 0.00003 0.00267 0.74338 0.01289 0.16164 0.04306 0.03324 0.00083 0.00129
0.00247 0.00398 0.00001 0.00000 0.00000 0.00000 0.00000 0.00009 0.00002 0.99343
0.80124 0.17215 0.00186 0.00022 0.00074 0.00032 0.00860 0.00064 0.00993 0.00429
0.00000 0.00000 0.00025 0.00225 0.00018 0.00000 0.99732 0.00000 0.00000 0.00000
0.00001 0.99980 0.00000 0.00000 0.00000 0.00000 0.00000 0.00000 0.00000 0.00019
0.36117 0.00066 0.00008 0.00036 0.00128 0.00020 0.00023 0.00059 0.01295 0.62248
0.00002 0.00005 0.00000 0.00001 0.00000 0.00000 0.00000 0.00000 0.00001 0.99991
0.00002 0.99905 0.00000 0.00000 0.00000 0.00000 0.00000 0.00000 0.00043 0.00050
0.07196 0.00051 0.00885 0.00136 0.09157 0.00053 0.00016 0.00217 0.82125 0.00165
0.00010 0.00000 0.00002 0.00005 0.00058 0.00056 0.00000 0.99869 0.00000 0.00000
0.00873 0.00527 0.00000 0.00001 0.00000 0.00000 0.00000 0.00001 0.00020 0.98578
0.00008 0.99882 0.00002 0.00000 0.00003 0.00000 0.00019 0.00000 0.00009 0.00076
0.00110 0.00002 0.98753 0.00291 0.00040 0.00039 0.00727 0.00019 0.00017 0.00002
0.00000 0.00000 0.00083 0.00001 0.00073 0.00001 0.99841 0.00000 0.00000 0.00000
0.00003 0.16010 0.00000 0.00000 0.00000 0.00000 0.00000 0.00000 0.00005 0.83982
0.00019 0.00014 0.00102 0.90949 0.00391 0.07933 0.00060 0.00496 0.00035 0.00001
0.01907 0.00001 0.46460 0.00338 0.50560 0.00219 0.00321 0.00121 0.00061 0.00013
0.00000 0.00000 0.00002 0.00026 0.00020 0.00001 0.99951 0.00000 0.00000 0.00000
0.99637 0.00007 0.00289 0.00004 0.00034 0.00002 0.00001 0.00006 0.00019 0.00001
0.98043 0.00001 0.01790 0.00001 0.00028 0.00001 0.00126 0.00000 0.00010 0.00000
0.00000 0.00000 0.00027 0.00671 0.00018 0.00007 0.99269 0.00005 0.00002 0.00000
0.00000 0.00001 0.00005 0.00003 0.00010 0.00005 0.99976 0.00000 0.00000 0.00000
0.00000 0.00001 0.00086 0.00046 0.00020 0.00001 0.99844 0.00002 0.00000 0.00000
0.00117 0.00046 0.00586 0.53251 0.02280 0.41469 0.00548 0.00803 0.00495 0.00404
0.02792 0.09120 0.41071 0.14223 0.01823 0.20461 0.00069 0.03953 0.05327 0.01161
0.00012 0.00000 0.00724 0.00072 0.00023 0.00019 0.99144 0.00001 0.00003 0.00002
0.02534 0.85710 0.00001 0.00000 0.00000 0.00000 0.00000 0.00000 0.11602 0.00153
0.00251 0.03342 0.00016 0.00022 0.00005 0.00003 0.00001 0.00002 0.12697 0.83662
0.00393 0.00001 0.91948 0.03706 0.01626 0.00116 0.01966 0.00086 0.00152 0.00006
0.00007 0.87415 0.00000 0.00000 0.00000 0.00000 0.00000 0.00001 0.00006 0.12571
0.00147 0.00004 0.63331 0.01214 0.32200 0.01432 0.01501 0.00137 0.00026 0.00006
0.02956 0.46549 0.00025 0.00007 0.00007 0.00003 0.00010 0.00005 0.43809 0.06629
0.00000 0.00000 0.00004 0.00003 0.00003 0.00000 0.99990 0.00000 0.00000 0.00000
0.94024 0.00009 0.00154 0.00001 0.00032 0.00000 0.00000 0.00001 0.05766 0.00014
0.26570 0.00074 0.31081 0.05312 0.00442 0.30268 0.04801 0.01036 0.00333 0.00084
0.00170 0.00512 0.17124 0.05659 0.48190 0.05676 0.00210 0.12290 0.00288 0.09882
0.95585 0.00001 0.00088 0.02794 0.00114 0.01313 0.00001 0.00099 0.00002 0.00001
0.00065 0.00007 0.00951 0.00314 0.03549 0.01869 0.00077 0.93131 0.00004 0.00033
0.00001 0.00000 0.00022 0.00429 0.13876 0.01827 0.00009 0.83814 0.00001 0.00022
0.00000 0.00020 0.00070 0.01542 0.00443 0.29430 0.68278 0.00206 0.00005 0.00007
0.00001 0.00001 0.00015 0.04256 0.00066 0.95577 0.00012 0.00067 0.00002 0.00003
0.00006 0.00000 0.00827 0.91534 0.01809 0.05527 0.00201 0.00095 0.00001 0.00000
0.00102 0.00001 0.00139 0.78705 0.07410 0.13534 0.00042 0.00030 0.00037 0.00001
0.00116 0.00000 0.90016 0.01695 0.01277 0.00681 0.03693 0.02520 0.00002 0.00001
0.00024 0.00021 0.17067 0.17430 0.05445 0.52745 0.06661 0.00491 0.00014 0.00102
0.00001 0.00016 0.01041 0.03369 0.48635 0.05989 0.01905 0.38948 0.00000 0.00097
0.00143 0.98175 0.00094 0.00086 0.00057 0.00081 0.00080 0.00747 0.00106 0.00430
0.00051 0.00002 0.00227 0.00211 0.03103 0.00771 0.00035 0.95533 0.00019 0.00047
0.00067 0.00101 0.01801 0.05700 0.01199 0.83354 0.03257 0.03926 0.00027 0.00567
0.00013 0.00001 0.00136 0.00016 0.99797 0.00006 0.00002 0.00026 0.00003 0.00001
0.00002 0.00000 0.00205 0.00127 0.00028 0.00001 0.99621 0.00006 0.00003 0.00007
0.00001 0.99969 0.00000 0.00000 0.00000 0.00000 0.00001 0.00000 0.00018 0.00012
0.00021 0.01914 0.00000 0.00003 0.00000 0.00002 0.00000 0.00002 0.00003 0.98055
0.00055 0.00009 0.01563 0.43083 0.01241 0.03578 0.50217 0.00009 0.00237 0.00008
0.00000 0.00000 0.00022 0.00008 0.00002 0.00001 0.99967 0.00000 0.00000 0.00000
0.00000 0.00000 0.00007 0.00004 0.00006 0.00001 0.99981 0.00000 0.00000 0.00000
0.00076 0.11277 0.00020 0.00015 0.00012 0.00007 0.00011 0.00001 0.00022 0.88560
0.00001 0.00002 0.00018 0.96477 0.00186 0.00124 0.03181 0.00006 0.00003 0.00003
0.00706 0.00049 0.00123 0.00311 0.00065 0.00015 0.00057 0.00006 0.93363 0.05305
0.92899 0.00089 0.05711 0.00611 0.00099 0.00326 0.00142 0.00091 0.00012 0.00020
0.00406 0.04811 0.00177 0.00022 0.00238 0.00172 0.00019 0.93908 0.00001 0.00245
0.00439 0.00048 0.62416 0.04011 0.11725 0.00059 0.21059 0.00168 0.00063 0.00012
0.00000 0.00000 0.00013 0.00002 0.00001 0.00000 0.99983 0.00000 0.00000 0.00000
0.28844 0.00000 0.65582 0.00542 0.01679 0.00551 0.00346 0.02438 0.00014 0.00004
0.00665 0.01402 0.00305 0.12720 0.00362 0.60116 0.00147 0.24058 0.00116 0.00109
0.02779 0.00004 0.00077 0.00002 0.00060 0.00000 0.00164 0.00000 0.96901 0.00014
0.00006 0.00001 0.00800 0.04754 0.00164 0.91231 0.00009 0.03030 0.00003 0.00002
0.00025 0.00001 0.00295 0.00354 0.82698 0.02563 0.00055 0.14006 0.00001 0.00000
0.00014 0.00022 0.00004 0.00217 0.00029 0.00025 0.99529 0.00067 0.00000 0.00093
0.00104 0.00008 0.00022 0.00002 0.00002 0.00007 0.00008 0.00003 0.99842 0.00002
0.00011 0.00977 0.00000 0.00000 0.00000 0.00000 0.00000 0.00000 0.00036 0.98975
0.00001 0.00059 0.00000 0.00000 0.00000 0.00000 0.00000 0.00000 0.00001 0.99940
0.00020 0.99762 0.00003 0.00000 0.00001 0.00000 0.00004 0.00000 0.00014 0.00195
0.50864 0.06820 0.00003 0.00000 0.00001 0.00000 0.00001 0.00000 0.39954 0.02357
0.19083 0.00011 0.80158 0.00457 0.00006 0.00194 0.00009 0.00063 0.00015 0.00003
0.00002 0.00003 0.01659 0.02568 0.00096 0.00107 0.95533 0.00003 0.00029 0.00000
0.00001 0.00011 0.02533 0.15119 0.44391 0.01237 0.35327 0.01353 0.00005 0.00024
0.01071 0.00002 0.04361 0.11458 0.10862 0.67844 0.03580 0.00702 0.00101 0.00021
0.00530 0.00000 0.97721 0.01398 0.00059 0.00204 0.00062 0.00017 0.00007 0.00002
0.00146 0.09118 0.00040 0.00020 0.00001 0.00001 0.00017 0.00019 0.90055 0.00583
0.99485 0.00075 0.00396 0.00003 0.00007 0.00001 0.00000 0.00002 0.00025 0.00006
0.00024 0.00703 0.00232 0.00040 0.00074 0.00033 0.00002 0.00121 0.00025 0.98747
0.00000 0.00000 0.00006 0.02415 0.00008 0.97243 0.00000 0.00327 0.00000 0.00000
0.00004 0.00000 0.00000 0.00001 0.00000 0.00000 0.00000 0.00000 0.99994 0.00000
0.00394 0.76138 0.00088 0.00027 0.00025 0.00061 0.00019 0.00041 0.01641 0.21564
0.00041 0.00171 0.00000 0.00000 0.00000 0.00000 0.00000 0.00000 0.00019 0.99768
0.00675 0.00003 0.17657 0.02111 0.77362 0.01111 0.00067 0.00962 0.00012 0.00040
0.09159 0.82364 0.00476 0.00028 0.00036 0.00006 0.00709 0.00321 0.02132 0.04770
0.05091 0.19532 0.03589 0.36166 0.02355 0.05689 0.02162 0.08247 0.15509 0.01658
0.26655 0.00059 0.16172 0.00354 0.29481 0.00167 0.00638 0.00053 0.25955 0.00464
0.00000 0.99940 0.00000 0.00000 0.00000 0.00000 0.00000 0.00000 0.00002 0.00058
0.00866 0.00002 0.60241 0.03233 0.30809 0.00445 0.04234 0.00070 0.00079 0.00021
0.00065 0.00000 0.00006 0.00003 0.00001 0.00085 0.00000 0.99839 0.00000 0.00000
0.00001 0.00155 0.00000 0.00000 0.00000 0.00000 0.00000 0.00000 0.00003 0.99840
0.01696 0.00026 0.02071 0.08403 0.68416 0.03619 0.00105 0.13734 0.01861 0.00069
0.01483 0.00049 0.97859 0.00252 0.00018 0.00094 0.00185 0.00025 0.00013 0.00021
0.00216 0.00120 0.00150 0.00556 0.00494 0.02274 0.00025 0.96085 0.00002 0.00078
0.02760 0.00129 0.01904 0.07259 0.01397 0.00801 0.00129 0.05261 0.01362 0.78998
0.00075 0.00383 0.00583 0.01273 0.13067 0.02315 0.00035 0.41817 0.00134 0.40319
0.01275 0.00021 0.15338 0.00334 0.04166 0.00022 0.00823 0.00023 0.77960 0.00039
0.00000 0.00000 0.00000 0.00002 0.00001 0.00000 0.99996 0.00000 0.00000 0.00000
0.00000 0.00000 0.00004 0.00003 0.00001 0.00000 0.99993 0.00000 0.00000 0.00000
0.00029 0.04021 0.00015 0.00001 0.00002 0.00000 0.00003 0.00000 0.00083 0.95846
0.99652 0.00004 0.00298 0.00011 0.00007 0.00001 0.00005 0.00000 0.00013 0.00008
0.11480 0.57007 0.00124 0.00240 0.00005 0.00132 0.00005 0.01251 0.02658 0.27097
0.00016 0.00047 0.26240 0.07459 0.02920 0.21127 0.40256 0.01893 0.00029 0.00014
0.80813 0.00412 0.04584 0.00011 0.00001 0.00000 0.00005 0.00001 0.14074 0.00099
0.00003 0.00002 0.00001 0.00000 0.00042 0.00002 0.00001 0.99948 0.00000 0.00001
0.00070 0.00020 0.52215 0.07121 0.01150 0.32161 0.00550 0.06694 0.00008 0.00011
0.00007 0.00001 0.09147 0.12791 0.00725 0.76491 0.00338 0.00499 0.00002 0.00001
0.00000 0.00001 0.00071 0.00843 0.00060 0.98866 0.00004 0.00147 0.00000 0.00008
0.00000 0.99983 0.00000 0.00000 0.00000 0.00000 0.00000 0.00000 0.00001 0.00017
0.19816 0.00001 0.78331 0.00018 0.00714 0.00015 0.00126 0.00014 0.00962 0.00001
0.00170 0.00239 0.00262 0.00025 0.00048 0.00005 0.99204 0.00040 0.00001 0.00006
0.00108 0.00005 0.34853 0.24514 0.00392 0.14074 0.04775 0.21200 0.00069 0.00009
0.00035 0.03009 0.00051 0.00113 0.00014 0.00203 0.00068 0.00074 0.00018 0.96415
0.00000 0.00000 0.00007 0.00030 0.00013 0.00001 0.99948 0.00000 0.00000 0.00000
0.00287 0.00003 0.46196 0.28335 0.16733 0.07785 0.00496 0.00148 0.00005 0.00011
0.15408 0.03735 0.07073 0.42377 0.00424 0.16454 0.01197 0.06773 0.00358 0.06201
0.58238 0.01195 0.00081 0.00005 0.00034 0.00003 0.00002 0.00039 0.03853 0.36549
0.00485 0.52455 0.00034 0.03109 0.00014 0.02490 0.01775 0.00159 0.05847 0.33631
0.00314 0.00529 0.00050 0.00018 0.00109 0.00005 0.00024 0.00040 0.00077 0.98834
0.00043 0.86053 0.00011 0.00002 0.00001 0.00001 0.00022 0.00002 0.13808 0.00059
0.00009 0.00001 0.00038 0.00006 0.01086 0.00165 0.00000 0.98692 0.00000 0.00001
0.00530 0.00010 0.00033 0.00002 0.00021 0.00000 0.00004 0.00000 0.99382 0.00017
0.00021 0.00013 0.00000 0.00000 0.00000 0.00000 0.00000 0.00000 0.99963 0.00003
0.00021 0.00197 0.08952 0.18033 0.26740 0.03183 0.42027 0.00233 0.00019 0.00595
0.98993 0.00008 0.00110 0.00002 0.00006 0.00001 0.00004 0.00000 0.00872 0.00002
0.00073 0.99268 0.00000 0.00000 0.00000 0.00000 0.00000 0.00000 0.00208 0.00450
0.00099 0.00002 0.00135 0.00011 0.00003 0.00002 0.00200 0.00001 0.99546 0.00001
0.00181 0.00005 0.53510 0.25010 0.02665 0.11353 0.06603 0.00655 0.00004 0.00014
0.00112 0.00000 0.00073 0.00445 0.00398 0.06665 0.00015 0.92281 0.00002 0.00008
0.47959 0.03604 0.00002 0.00005 0.00000 0.00000 0.00001 0.00008 0.03044 0.45376
0.00998 0.00002 0.00411 0.69775 0.11951 0.13934 0.00067 0.02851 0.00005 0.00006
0.00203 0.00036 0.00135 0.00107 0.00329 0.00006 0.96103 0.00002 0.02971 0.00108
0.00043 0.99414 0.00000 0.00000 0.00000 0.00000 0.00000 0.00000 0.00004 0.00538
0.00000 0.00008 0.00000 0.00000 0.00000 0.00000 0.00000 0.00000 0.00000 0.99992
0.54617 0.00010 0.01444 0.08395 0.03829 0.08630 0.08444 0.14507 0.00003 0.00120
0.02479 0.00002 0.04998 0.00899 0.00124 0.04030 0.00080 0.87322 0.00059 0.00006
0.00072 0.00964 0.24000 0.07951 0.03762 0.06439 0.46885 0.08892 0.00119 0.00917
0.00092 0.00001 0.00366 0.00121 0.00356 0.00650 0.00030 0.98358 0.00006 0.00020
0.00010 0.00004 0.07946 0.00222 0.88920 0.00060 0.02750 0.00081 0.00003 0.00004
0.00001 0.00000 0.00018 0.05409 0.01104 0.90545 0.00063 0.02859 0.00001 0.00001
0.06797 0.00010 0.00092 0.00004 0.00013 0.00000 0.00004 0.00000 0.93035 0.00044
0.87045 0.00122 0.01287 0.06458 0.00595 0.01091 0.00169 0.02989 0.00199 0.00045
0.00004 0.00000 0.86575 0.00289 0.07685 0.00366 0.05061 0.00016 0.00002 0.00001
0.00034 0.00169 0.00001 0.00000 0.00000 0.00000 0.00000 0.00001 0.00109 0.99686
0.00027 0.00308 0.05265 0.13224 0.05070 0.04112 0.62615 0.01360 0.00086 0.07933
0.00273 0.00419 0.04199 0.06144 0.58019 0.05165 0.00419 0.22309 0.01469 0.01585
0.08253 0.01570 0.03294 0.00341 0.00461 0.00023 0.78128 0.00240 0.06067 0.01623
0.00027 0.00011 0.00028 0.00342 0.00003 0.00006 0.99575 0.00003 0.00001 0.00003
0.00048 0.00012 0.10711 0.10196 0.76750 0.00417 0.01563 0.00260 0.00042 0.00003
0.00058 0.00019 0.00559 0.07663 0.00522 0.89442 0.00146 0.01461 0.00023 0.00106
0.00053 0.00009 0.00129 0.97486 0.00393 0.00650 0.00532 0.00039 0.00708 0.00002
0.00518 0.00120 0.11093 0.09934 0.28645 0.07552 0.00634 0.40878 0.00153 0.00473
0.00198 0.00460 0.03265 0.46424 0.01928 0.30813 0.02740 0.10876 0.00097 0.03198
0.00088 0.00003 0.00119 0.00043 0.00229 0.00117 0.00004 0.99389 0.00000 0.00009
0.00096 0.00306 0.19446 0.02216 0.00434 0.00167 0.74695 0.00337 0.00050 0.02252
0.00002 0.00000 0.17887 0.01575 0.05372 0.71074 0.03810 0.00273 0.00008 0.00000
0.00065 0.00124 0.00095 0.58849 0.00009 0.40256 0.00085 0.00358 0.00004 0.00156
0.00598 0.11717 0.00057 0.00625 0.00150 0.00042 0.00542 0.00483 0.00340 0.85446
0.00000 0.99855 0.00000 0.00000 0.00000 0.00000 0.00000 0.00000 0.00002 0.00142
0.00028 0.00004 0.24430 0.05401 0.56730 0.03854 0.00975 0.08546 0.00005 0.00026
0.00015 0.00038 0.00000 0.00000 0.00000 0.00000 0.00000 0.00000 0.00008 0.99939
0.02736 0.01699 0.00034 0.00050 0.00005 0.00021 0.00001 0.00005 0.01893 0.93557
0.00002 0.00001 0.00012 0.05015 0.00057 0.92383 0.00748 0.00037 0.01742 0.00002
0.00058 0.00043 0.11624 0.03340 0.15836 0.12869 0.05025 0.47686 0.00115 0.03404
0.00033 0.00010 0.27314 0.18143 0.02199 0.49177 0.02498 0.00280 0.00343 0.00002
0.94365 0.00001 0.05563 0.00009 0.00032 0.00001 0.00001 0.00000 0.00026 0.00001
0.00016 0.00001 0.83173 0.05432 0.05523 0.04951 0.00123 0.00774 0.00001 0.00006
0.37908 0.00000 0.61320 0.00098 0.00592 0.00025 0.00044 0.00009 0.00005 0.00000
0.01895 0.00690 0.08514 0.04283 0.08770 0.01526 0.18002 0.01704 0.00128 0.54488
0.00529 0.01270 0.00003 0.00003 0.00000 0.00001 0.00000 0.00250 0.00078 0.97865
0.00047 0.00033 0.00154 0.00628 0.00274 0.02369 0.00699 0.95739 0.00001 0.00056
0.00169 0.00016 0.02209 0.72879 0.05976 0.14018 0.02398 0.02278 0.00034 0.00023
0.00469 0.00492 0.00000 0.00003 0.00000 0.00000 0.00000 0.00003 0.00046 0.98986
0.00533 0.00003 0.18851 0.06785 0.57460 0.10784 0.04208 0.01027 0.00334 0.00014
0.00006 0.00010 0.04019 0.52849 0.32065 0.01771 0.09166 0.00101 0.00008 0.00006
0.00001 0.00003 0.01759 0.00880 0.45948 0.23836 0.03967 0.23579 0.00000 0.00025
0.00064 0.00041 0.01191 0.01574 0.76128 0.00587 0.20148 0.00258 0.00003 0.00006
0.10086 0.17281 0.16268 0.04678 0.03033 0.00587 0.06194 0.00407 0.05265 0.36200
0.00005 0.00019 0.05871 0.01842 0.00043 0.88508 0.00046 0.03651 0.00006 0.00010
0.00001 0.00000 0.00110 0.00180 0.00008 0.00005 0.99689 0.00005 0.00000 0.00001
0.00025 0.95173 0.00011 0.00008 0.00003 0.00001 0.00153 0.00000 0.00076 0.04549
0.00232 0.00007 0.08971 0.09021 0.58370 0.12440 0.03851 0.07094 0.00008 0.00007
0.00075 0.00012 0.00558 0.92615 0.02327 0.01497 0.01962 0.00897 0.00026 0.00031
0.00000 0.00000 0.00078 0.00036 0.99718 0.00034 0.00039 0.00094 0.00000 0.00001
0.00000 0.00011 0.00187 0.00011 0.97224 0.00092 0.00003 0.02466 0.00000 0.00005
0.00000 0.00000 0.00076 0.92932 0.00075 0.05375 0.01458 0.00083 0.00001 0.00001
0.00000 0.00000 0.00122 0.00088 0.01509 0.01441 0.00004 0.96832 0.00000 0.00003
0.00005 0.03918 0.00000 0.00014 0.00001 0.00000 0.00001 0.00001 0.96024 0.00036
0.00026 0.00003 0.02652 0.37131 0.15358 0.43602 0.00811 0.00409 0.00003 0.00006
0.00012 0.00002 0.00041 0.00053 0.01063 0.00294 0.00003 0.98523 0.00002 0.00007
0.00044 0.00000 0.00000 0.00000 0.00000 0.00000 0.00000 0.00000 0.99955 0.00000
0.63629 0.00118 0.03979 0.00223 0.01451 0.00020 0.00126 0.00009 0.29078 0.01367
0.00010 0.00312 0.25688 0.23533 0.02261 0.41293 0.05602 0.01285 0.00001 0.00015
0.00073 0.00003 0.00259 0.00632 0.01830 0.10515 0.00003 0.86670 0.00003 0.00010
0.00000 0.00001 0.12760 0.01098 0.05154 0.03542 0.76710 0.00731 0.00000 0.00003
0.33044 0.05082 0.00528 0.00016 0.00300 0.00059 0.01181 0.00307 0.09155 0.50329
0.00010 0.00041 0.07883 0.12264 0.00377 0.74214 0.04577 0.00620 0.00006 0.00008
0.00356 0.00004 0.00810 0.01623 0.95124 0.00977 0.00578 0.00467 0.00008 0.00052
0.00642 0.01215 0.00008 0.00758 0.00022 0.00008 0.00009 0.00019 0.23137 0.74183
0.00000 0.00000 0.00001 0.00000 0.00000 0.00000 0.99999 0.00000 0.00000 0.00000
0.00245 0.00006 0.00011 0.00008 0.00002 0.00000 0.00003 0.00000 0.99710 0.00014
0.00466 0.02403 0.00542 0.13219 0.00566 0.55429 0.03436 0.21219 0.01483 0.01237
0.00003 0.00001 0.00011 0.15882 0.00020 0.83310 0.00620 0.00080 0.00000 0.00072
0.53408 0.01133 0.07748 0.00571 0.06111 0.00828 0.00165 0.00871 0.05511 0.23655
0.00001 0.00023 0.00000 0.00000 0.00000 0.00000 0.00000 0.00000 0.00002 0.99975
0.00000 0.00029 0.00000 0.00000 0.00000 0.00000 0.00000 0.00000 0.00000 0.99970
0.00080 0.00006 0.00614 0.07799 0.45329 0.42294 0.02958 0.00872 0.00029 0.00019
0.82692 0.00027 0.16348 0.00228 0.00037 0.00184 0.00036 0.00022 0.00372 0.00054
0.00007 0.99916 0.00000 0.00000 0.00000 0.00000 0.00000 0.00000 0.00002 0.00075
0.40081 0.00074 0.23848 0.07075 0.02224 0.06183 0.00021 0.20162 0.00087 0.00244
0.00451 0.00010 0.00328 0.00062 0.00070 0.00009 0.00076 0.00001 0.98966 0.00028
